Chain ID,Residue name,Residue sequence,Conf 1(Input)
A,CYS,22,
A,THR,24,
A,THR,25,
A,THR,26,
A,LEU,27,
A,ASN,28,
A,PRO,39,
A,ARG,40,
A,HIS,41,
A,VAL,42,
A,ILE,43,
A,CYS,44,
A,THR,45,
A,SER,46,
A,ASP,48,
A,MET,49,
A,LEU,50,
A,PRO,52,
A,TYR,54,
A,CYS,117,
A,TYR,118,
A,GLY,138,
A,SER,139,
A,PHE,140,
A,LEU,141,
A,ASN,142,
A,GLY,143,-0.0582
A,SER,144,-0.0123
A,CYS,145,-0.4925
A,GLY,146,
A,SER,147,
A,TYR,161,
A,HIS,163,-0.5874
A,HIS,164,-0.4956
A,MET,165,
A,GLU,166,-1.1333
A,LEU,167,
A,PRO,168,
A,THR,169,
A,GLY,170,
A,VAL,171,
A,HIS,172,
A,ALA,173,
A,PHE,181,
A,VAL,186,
A,ASP,187,
A,ARG,188,
A,GLN,189,-0.4563
A,THR,190,
A,ALA,191,
A,GLN,192,

Intra-Ligand Free,,,-1.7921
Inter-Ligand Free,,,-3.9781
Total Free Energy,,,-5.7701
Normalized Total Free Energy,,,-2.5105
